51228581904
3312648204
53691523092
1438482446
48820215830
2203844625
1784373278
65570627622
48447471654
45478977578
51629924394
61216514092
297222189
6490505261
54166528046
41798606896
27099185
25665586
27467826
512245810
317726768
24223798
45071368247
11453317175
24742404152
2946048058
236978236
145498179
9609288
68714094667
3037200459
53782306891
4205854798
1773256784
56243372112
58497769554
49775976533
1206673496
50798002265
53490319450
13533272
10232873053
28729442
9992749155
56601206884
62505115750
9844310121
56589803625
57135169643
28741148779
7917609069
2465792110
245858411
3424182382
26232316017
66903097458
65833443435
3258171505
369573999
215236718
46882935
8970353
44285255799
62513782904
49406077
49357881470
2053447812
60114542724
7372333192
17358643338
6826705034
9140322444
250978445
32763363471
144072849
21074043026
48258597013
13233594520
36377624731
1388077212
61371482273
19947681
65683923112
54367576238
305905841
48769130674
324599988
4474593463
4552155319
2041872571
52937924796
57241559231
767361219
208560325
46384177354
54593986764
52968202444
25444558
1262280914
32559562963
58382442712
51177054431
1602224352
62199849184
54140715232
11215266023
47538880743
6184239337
44405661929
43114731
53687886060
36248895726
59182678258
47336374520
14568808698
11673851
975864059
2535080190
186802434
49650589954
552132866
57459376392
47534997770
58138812684
65847501069
40596644108
18489619
57122144532
1941463315
18127069464
16793887
32949788961
46269948194
16556324
211484966
235790631
50726969641
6946578730
8075469098
20431150
48678732079
1980465465
2098995514
48673644860
57093079356
37232958
57518833984
2711822656
50315354435
179388748
8663171404
65725382992
48105242960
4796186962
6218400082
56277303639
24299315545
21644050778
5501296987
4211556698
16565510495
54916063584
51742425439
14328226151
55009501547
64170533230
50212381040
14282121586
5986189683
3239461237
60430483830
67481985399
52271038839
31416696
490299771
10477951
21479808
5576843649
350708102
7459430794
33073054091
47173214607
2121228689
28580250005
52878983575
28162458008
3624165784
8000553371
48080527773
21193118
52337746334
41834545571
20824486
46342472102
53165425065
991306155
55400432045
56472469934
8011506095
2941862321
26400154036
57085395381
186261950
295166398
1473348030
1425146305
16116728258
6135185859
56963490244
22077892
61719691713
51897262541
8004108750
813482452
55655154136
57287115227
57126928859
54919389664
58514604513
5529231842
6098641380
1088684517
62367998437
1739571685
43451441640
24789991911
1532305898
1570849264
54637339133
1795850750
54196240895
6449267203
67276710404
200679941
58440712712
1367425547
7221625356
23749131
54201508366
11181466125
56006574608
48075211281
58257056276
60819857941
54164554262
1382859285
1430872605
64919249440
424247842
56607957539
9691431459
62811783717
4633944613
13550119
52151034408
4697358885
52204110370
56715559467
36299137582
208667190
1639203383
51547365947
54106538556
333890110
63369249343
50781061695
8397300290
519201347
1747075652
58250535493
45278978628
49450951242
1378525771
7451656779
218186317
52742570576
52729717328
24758379092
9756369494
33603281494
51976790616
572965465
968180313
52597580375
31687260
24511071
407380575
24511824481
47469142623
32711267
144630373
51138650725
57794937447
48888758887
63008866922
306438763
3416684
7904207469
3685007978
52568089194
1198269037
13460080
6382194
1709638263
62309048952
4302013048
27360191098
8498414204
601178749
15278718
144646783
40325202557
62744937090
2229756549
46162579
1665557140
51865993877
64682009239
188326554
23569053
47382422174
2159436446
1639293607
40386880170
64038683309
44565349038
66270323378
39911080627
1735180980
43488527030
245334714
57284870844
787132
1154015932
196035270
19010847432
519004874
198656715
244703949
60451029712
55797375698
62448542423
6264734424
635421406
31379096287
375997152
58363568865
4659258083
15314772708
65722548964
2538668776
198042344
65197384428
1581023983
48673964785
56827413236
3272303350
1703715578
8880895
7385375492
54274327304
47071609608
22266640
57303819027
6999802644
43857847061
64761201431
40960819992
3616432923
48853033757
7430464287
49552311072
55776641826
49203405604
8073593637
3406070564
3566846756
63660647209
50250359594
514941745
24118067
54549898041
9610041
563872575
42080576320
26208125761
1692820292
25218761541
66095227719
3655811911
56994620235
56758977356
48694526795
15286076236
5633753935
64007045969
514876242
28533587
311681876
45968655189
60918408023
54833734488
45256581975
305701719
19866459
442614619
2199356253
21062494
15216239455
173744993
3506619233
44705465188
416187241
4094198634
48799753069
207029108
51539551092
2122662775
31220599
40367244154
56316429178
36299719551
64362398591
244581254
57288803210
8410989451
21246124940
63273034640
1713111954
54677226387
44403508127
552035234
2967282595
863380391
186901415
411861929
419513260
184148909
3733504943
62738703280
48143082417
58010469295
323126195
4605952950
61710746550
63478940601
52577944512
4928422849
18372682695
46785481
57896731595
48973808588
30614477
6907413455
63178384336
1999824
14582740
46955906008
57213789146
232178655
39464158178
702129125
16516077
192152562
6927821344
3538609140
56998265846
13613925370
1947075580
27532526606
1418986514
30322025491
30375765016
6985786392
50431231000
60661556249
8045597
57125536797
7217103905
67884074019
13326951462
48350618666
208651311
49172898863
59183064113
27485160498
43938743345
7078569010
51326903349
63628403763
522601519
3439002676
2274763833
434463801
30289372225
1281926209
56298234946
3296003139
62460003398
9939092551
45266994246
4856611918
29394004
7078298712
56203027545
1942463581
789529698
19833961
52184654954
57756517483
521806957
52652229749
2317517942
64255059064
429573243
52593779837
25945213
11456676990
61726172291
1678378118
1781458057
6854616202
3976995978
65120724108
40543370
3998205070
5005280402
53703648403
45369779347
8618484883
521594010
2191320218
2198791324
45066028190
1606558883
46108746919
1316218027
55959200941
37984109751
1386800311
52435190972
285910205
378496191
2999682241
31326708930
32914785475
320914629
48097715399
63164114126
4023504
57607013587
2240562390
1400931543
323732696
48981714135
16401626
25945306
44370388193
2203911395
49525998820
61081994469
6037300459
5568546029
22545647
50421048563
46603101428
15664373
53176845560
1448690938
19782599932
63046436093
42222850
35054851
67598591236
33490019589
52837541123
439076104
52263445769
36756096266
254829833
460563723
44443583754
61898630409
1320207
46265148686
44696986898
18597144
56434197785
44914025754
55382590745
1543365916
11790705950
58185704735
487580958
50440144174
256386350
39015138609
11288331571
7125222707
46758053174
51327231289
24908522820
48431678789
64578774345
48110667085
22168798542
6271591761
59397817681
58732258643
55532627284
32760137045
53608179030
242066770
60621489490
7960003930
56686617946
23805281627
14507189598
46261077342
192955744
49097352545
4029089121
63872525667
6164915563
46717232492
8442275185
16917874
18900337
52033561975
1784128893
143566206
57649309055
61606348161
54003402115
58664732037
24995206
1275053447
48275293576
645662089
1231742346
375031185
5610587539
793027987
3360152
48894756248
64461301149
52189185439
40211301792
62087546273
54257058
270099873
225682850
64645342630
50290812327
233047463
7270172076
239216048
9754551731
30117184949
49986561471
1051534791
50529736
189162952
176850376
33308018125
62510728655
6791349719
59158595035
1707886044
52392871389
48658417120
314107363
145049061
58670245357
562497009
7125206515
1783588347
56766432769
59546502660
45248996870
60961211915
60144297485
5219860
677946902
56741905944
9367545369
59198432794
634775070
51782542878
40501823009
61735339557
48296912423
4254672426
1542014507
6928926251
3966846510
1422157361
58775512625
48895477302
11826865722
50194548286
37928560191
54007850563
6828344900
247727686
1328383563
40240716
1833707084
60062893644
48486032974
38823536210
668157524
50081662551
23168247384
6321636954
58486621787
59065239132
52646389341
10745759323
61682370143
51816033
2100217442
56850310753
52921714276
2164450917
4174071394
60730320487
205235818
40986936941
58058688116
58495977087
20375171
57503876739
45221987975
63893964425
3555927690
7527614090
63467767437
173786767
33659913872
1686062737
46206748306
33667761808
31269635739
7202466
9665955491
57263965858
61366437541
504759974
58115360423
11830955
63880627888
1102055088
55081739953
58490422963
52202325687
51293882043
1338246844
1838163645
50741610171
45181200060
32941885120
18093205184
255788740
49040942799
177055439
144361169
9389777
2224875229
53196162781
55456294628
49619183333
56729749223
463136488
63946647273
37524621035
1599416047
2629437169
48072009459
205588213
201942777
63125522171
576308987
247039745
27520952070
42781501190
56570775308
45683689228
2087864078
47862834963
358590228
58727851798
1141376795
66527651611
304228124
51169055
28092192
27686029092
57791096616
61349070634
1154656042
700172077
238987056
1514235698
1376331573
7063352
1420863291
45859211069
54626114
61994108738
26298795844
339019589
647710534
511739724
472164172
53852743502
59716773716
62612678492
7036061534
278677344
1299785575
1561438066
48682985332
40756987766
52755253111
1550722939
59940882300
41351563134
62890485630
12127881088
46207002499
45991937925
4887488392
174786446
19934431131
220276636
200951708
54728279966
56841373601
194611107
2261813161
417040297
17194444719
239732655
1482540975
5641504690
662898610
265316278
50277509047
23259064
57141430202
400254906
850438079
45281970111
54093211585
46224902083
45476480965
68559964102
2039736262
56918886345
290719690
754534351
51890997200
200026063
310241234
25568626643
28493780
27382777813
52042147798
39911614423
1090054102
12281817
61393299417
5825988571
1910638555
59557947359
9216371229
45446055911
3282929641
50235372
55565584366
1412229113
58376669177
1553246204
558745597
38762260478
340641790
4382124033
65791789058
5794105347
2965358599
7386122247
59244324876
46097893388
7691888655
179644432
63567841298
15612176402
62324090908
52836460579
66937702436
1660373030
1389430826
54873311277
48901744688
4802610
3426543666
564357178
44466407483
56134633530
8514627646
3247081536
52822517826
57048041540
61895419973
52856350789
554223685
31033416
51650160715
2964949070
50241587288
5967956056
57017567322
1110263898
13588121692
53531748443
42523658335
232024162
2296809571
8587364451
62789544038
44204607590
1707509864
57317746795
45812500592
189802609
17705073
5516953718
49241319544
490842232
61031204984
214141049
55932782716
28780669
6134843517
40904812678
256567430
208128134
1315891337
2125506698
1942857868
44979931276
11282327696
1957693586
4354869394
64679733396
46041238
1329260695
1501333655
6507178135
52152133791
10913810592
178636963
47624063139
11208902821
20072671401
41679243434
178210985
12266694833
49697392818
48162900150
44407859385
48913049786
52781328571
46271047868
12331195
21511497916
181012669
1775470789
3922921671
54972278983
3690244297
55153436880
68244867281
4020775121
41897961681
46966515924
1821419732
50904803546
59911940317
50099775716
1206501
60834212070
61362776297
309201136
31975426289
7640099057
57176377585
23816438
2118289655
58753116406
3246409977
57037080829
52257417470
56862476543
247236863
17099009
46386596098
59142891777
47046314244
55041558785
58411895046
56647321862
20375816
60934981889
518990089
1347283214
8204192018
37477337370
262527096
17919707424
49608247588
1576003879
64230648103
38592071977
51713460522
35401877802
49826089260
5812275501
45663004974
53789550894
50703739186
20886956338
1528727860
55177161018
45316516156
56607549757
64715991358
2522007870
64045254978
1429096773
22473031
44222792
1706887503
12556740944
49973676368
51858205011
144591188
292972885
53003921749
258763095
50765408600
3615811929
52471605596
38296930653
497527138
34502281571
2708048228
2293156198
304662892
58388777325
395364718
60803869039
10160497
216222066
58170943864
61397502330
35572566397
56201857406
481298816
48573286785
3027372418
532531588
1287006597
4557703562
48034253194
31853955467
6035966350
51046799
56944462225
3607587220
38909143444
3541399
47710439833
189630874
44408170906
50510637468
59446569373
53395171744
14819469728
8481191
55986923943
1418144169
3324266934
407964088
48534350267
47951243707
24840579518
52398246335
1147005381
65381468614
53095565766
17967559
55166036426
4533225933
1444678098
37704927700
56888371670
7985637853
53417658845
63157070304
332089826
462752227
63333542370
45677611493
2220747235
2629626345
56531724779
50458913265
3598174713
53593336315
48751331835
57647901182
64185829890
402434563
10363021828
6006082051
12882070022
37348264455
58761103875
6037334539
376089101
51733015055
322046480
50478574097
61943499282
47696341520
507570709
622340630
179513881
18287130
38347942427
30389217820
1100671517
54687377948
4869401119
50529487391
52376136225
64714263071
2369980963
62787349028
41107982885
237013542
52870793767
60123785767
59163478569
11686308391
4400319019
60323121707
65282804269
1655958078
180365887
60138252864
50275478080
54199978572
32957598286
5335632
24912759377
194488913
8643529300
48646277718
510093911
51296922200
1489947225
872163932
59642571358
62220610142
55003720289
3465374305
51662072420
4555926120
56977459816
2370914922
195471981
57366424175
49647200881
59645430392
57790597752
406719100
18197117
185576062
56326302335
31238613643
56715012749
4088941198
31779220115
54770215571
66348285473
14660020889
49968482970
45170838172
50326174
20241558174
2126834335
2149788324
52767312548
56011432
48561064618
3591834283
1443424949
52589177525
48422775477
298199736
44666661565
266693315
188959436
55584819916
295930574
5822384844
65187646161
37209696977
189393625
62935681757
54528734
533334751
21629668
1761536741
1728719592
274746091
8072219371
46852848
56315865842
40183818995
8684743412
45888867060
5952178932
64705104629
1546504952
24088873721
21443455739
46718372608
143551233
1569622787
50307189517
6344354573
46431857423
10969680665
13757426460
656091937
700926754
10139044643
42484108068
48615320358
2365532969
39860448042
292768557
68976044846
19719400238
43592495
1138379566
3028028215
52980665147
220252994
28511045
56142187334
53657414469
30051147
2279590736
13762898772
1107766105
410626911
4831054689
214764385
2275347299
37805779812
43024730982
393014120
314216
47613061994
2661837674
1443457900
38945557360
47337106293
41352981369
55797623674
50177198971
43109246
1355197314
7623109506
52612983687
48198970249
52094946190
22908545935
39663143823
46107208594
25352792979
1254960025
58579438490
1503251355
258288542
43689446303
44427914145
35673426850
49116720034
29944741
58032130983
3041790887
45652003753
351013800
69367851947
3779500
24906669
61281102765
1993755560
26799664040
257256377
1391373242
49645382586
5223549884
6150622141
63734672320
1625082816
2346675142
1529596873
9276365
220261328
1655516113
65170385874
525405139
47376321499
51056757724
65295035359
17765444576
27250232289
1088465889
5657766885
284158950
51757550568
52996877288
28855276
179801071
1156484079
2267794419
55982820342
53927111675
651979772
53376961532
46439271424
199117827
4249406469
48189836293
47557995527
1803725831
48113118217
235457544
55997205517
54184975
384977936
1364904975
1194986514
8029072403
54040529940
48841911316
7307512852
56502660119
479628322
59945487397
22219869224
25732983856
60882586674
49632201782
638381112
64680004665
64426863675
47639579709
4329065535
46217145408
1419758655
32309619778
11906116
261106757
46473497669
55050218568
55107210316
1692265551
622537809
426093652
439503958
3876121688
44520303707
377154654
9653346
11565755491
62514875492
44459379818
45718072433
50904419442
1521626227
60070661234
55796804724
52866206838
54120795258
56614104193
581160065
225193095
50855038088
60534451339
56515325068
187067534
1958554770
1225075858
1233431703
50177158296
51894021275
178760860
18402460
33644596382
1095421087
51055776
476638371
63004462246
49645931687
762891432
7694224555
12416003243
60796595376
500665521
8151731378
204950707
549833912
256199865
63165713594
3604720826
33474514108
3234729149
23441419452
48261795006
54986984640
12995776
7601736896
47682014402
28527810
52613762240
44072340676
49003433159
4689341641
61600795853
1404144848
56739966160
195529937
54576188628
53365982
24823999712
34360544
5228367074
55381220
58232130790
47879261420
3903687918
1568009456
5130046704
284355829
54851267829
10881838329
40271260922
912149756
60088978685
55774460
4920265983
52602768644
51214535941
6114566
49796164872
48394284298
41096686859
4038249740
61702196498
50610384147
3952864532
332909848
1733266713
1419152665
27749660
1307045150
63485390112
1404208
24631176502
641314103
11882720571
890916158
48662375743
3433377087
13373320513
38794358078
57295318339
23447113027
16633156
53801758021
52444114249
52800842
48995159373
26297511248
4808117584
327208272
54680210771
2334109013
49565756757
9223744855
14307462489
55423626585
669027674
61173493085
1466150242
10866830694
3853675
58611862893
61057387886
48793947505
340340081
45639347573
45395250551
5799980411
49747676540
62271073662
47366589824
323710337
65068150149
8509484428
37154190
60836572560
45393186192
29355413
25464213
61391687067
1683869084
6860189
36861914530
54986755492
1058745765
55585836457
56542981553
12430771
51572510137
1123020223
21190036928
6931590593
1985015238
366620103
58007293386
1745415627
1398189516
273247694
15764450766
54774091215
276581847
54532435417
186797529
5738360286
49535823330
55956712932
4180004324
49066036712
1519504874
296619499
12209644
54806302187
59335978479
310980083
19634605555
59883048438
4366626297
144748026
42807496188
524226044
33537945095
64037113355
10444803596
624463372
54501854734
46639377938
64658689555
48264965652
12878532117
14336839190
27454999
54781406744
3928591897
57334345238
54353169947
4832284187
51893513758
59129007647
6440275487
51547721248
967994914
292236837
385216039
8885431847
9552834089
11603502
52969950767
64038350385
51301822002
328781363
681193011
145821237
13970997
3503304247
48986058293
7982796347
1572392508
57453940285
5459111486
45197864514
60162346564
8164748869
5849796164
1909722692
1961012811
35086913101
1945603668
54001651288
45558689370
1682656864
47372283489
184692323
56781901415
245878377
4357271147
24376528493
284634734
6516336
63385734772
51603033717
3238039158
31731316
1179938425
45529779839
6818958976
1518620298
55477309069
1287302798
56141885072
2212884112
50950663829
48799862423
52576030361
3931336350
425758367
539037344
472673956
37500571301
49447005862
230747814
6998396584
48827682473
8668892841
66030726828
37708721838
56476241586
44964261555
4544163509
65118449342
44592831
55116508865
61005082306
39895076548
309644997
35854020294
46424067782
18338156230
63866343114
13570068172
28774093
33021914829
1580781264
836325075
51847581396
7532629715
45571337942
8753712864
32966405859
64183856870
49543163628
36065005
46596460270
59235634929
56572202739
8192642803
18898259701
39494332150
66420977399
48251727605
6311667
55033982714
17947119358
39509487362
50508852994
2009370372
55075499782
51398135559
63212121864
62675422986
52590186258
12299898652
54011842334
59427041054
9132076832
12645093150
1971695394
64625602339
5333135140
13690416931
50669825833
15503147
13125553970
50837794612
10201435959
55551684415
3911489
59432849219
17079725892
45258477382
4509513
10768203
7270219
198635341
46103932749
62976200534
4214312792
48758304601
65792610140
53935460189
37078585187
48914714472
905662316
44949876589
51310446
44850974574
838414191
211513207
1463734137
7306530685
2897645437
43898032001
640282500
3112963973
45226258316
26051039119
36255362961
48623546258
44264386450
183529369
60644724634
38743962
325734299
50835926943
1602236324
3036360613
50559840166
44498022311
21090218
213462954
53541572524
1815236525
67103616941
3502043056
47090462644
39052267445
241790902
57817894839
50659905469
18083777
1711337410
63672856516
2057072582
40100818887
51804204999
35562688457
5623320522
1791528912
55321071569
49038921685
49118392280
14343008217
61225340891
28381151
1513983967
60918640612
57322041325
224415727
47362510832
2070974449
54126088177
55653380088
56793378808
55298101243
1542426623
57782554624
49604276225
59345809409
1570467843
44605059076
60799701001
8616726538
54628528139
3105148941
56834486286
272166926
19533840
48298094608
22803386388
47863287829
1697894422
293900311
4252569625
50292764702
429854751
44135419937
2231291938
64348917795
31995678756
271429669
4235382822
55113535521
268963880
7131148330
1229426732
66284810284
16328544300
34484275
5517471796
6184415283
59737313336
45975228482
8109764675
60154622022
555216967
48729731142
46149898317
1518555216
48390656082
1512820818
1468330069
9050820700
27412721756
7229533
2543712
44953700
245444710
56770023528
49364979821
50248437875
62421446773
63524180086
12996727
12497571960
28725370
1732620411
8512213119
52103573634
36781011075
55323684996
7467141
51216273540
198733956
382914696
65170903179
212725899
4445442190
1962078353
6590609
41046162
253816980
1392521361
3676418198
63146561690
53199999133
24375454
4069134495
32788811936
674721953
56952967327
4320481445
24785062
46267805862
311701674
550072490
1084149932
22840373419
61385380012
4925771950
329535669
54175273142
355479735
48019460281
7467954363
44254269628
55935479997
1658253502
1438240962
7952421060
192254151
53595189448
1794379977
59763536072
2096115915
284405960
56021283017
52583141579
18763979
544821456
3141843
57675534550
220238038
49806078174
410833118
38757888224
45230903521
2711711974
47557972205
28733678
27996400
18345472241
55551086836
364097783
1286721784
32674943226
62089203963
57069441277
4213518589
49054224642
67489820931
288370948
39073788170
196743444
45447885084
273690909
521507102
1428312351
39168356638
1305702689
36859040037
335671590
354234662
192532776
341455147
186749228
9777455
178475312
1625608507
2624688445
2932216125
1744523583
49614909759
64152138049
203329857
383340867
258388287
1512370499
1557549382
54284618
676827466
11872285011
60779172179
3033190739
35131731
22581591
3093705049
44489666907
3992678751
1194627426
27548766563
66845143398
48959850
51018142059
270930291
8034791798
62079283575
186904952
367481209
3484283262
1483469182
1116082562
637874562
46229377416
27914637
63533699470
40907153
5871686035
62540919188
47827128727
57156620697
8607928731
1434112412
55874687397
1470296487
31536976300
52768739757
61377065390
51272774063
44221551023
65805873586
56679731635
53068870068
404402614
24179128
35530027453
61403632065
39415353795
525603268
18768196039
561910219
47797891532
231289294
56724910545
949858777
203690457
26669533
46587408863
54585340385
67595211235
12641186277
64684364262
522383848
49712976360
677114347
379564524
1771827693
44100727280
1644851697
38061298163
246395380
59119178228
58507276793
58436784639
1117032970
65381732880
31468753426
3892728343
214798873
1364506
12734353948
45339167
622015007
63103390245
61776671275
2272277036
44998251054
54484972082
67709596214
55048335926
45692662338
48203559491
52628697671
57843233351
55986082380
54730707538
1993019988
5499163220
64272536148
380850774
38025564757
8663904859
2281542235
8401501
173560420
180769383
34338157165
49316786797
56092004977
65180717685
1990111862
62847890039
25626194553
60908778106
50728882811
30116590204
223687294
58688270977
8819329
60067811973
479318662
1533080197
2018464392
64262517401
45879128730
7746202
66267091611
471847579
41698931358
58925478558
292049568
193327777
3047305890
46983705252
1384100516
297620136
1252799145
5833101998
66960929456
67753251507
26497719
6351098552
21009081
519729850
6864483004
59176227517
32920254
211497664
61724873408
49586254530
12360856258
65711551172
26718918
36090567
36262843080
219968199
9131578058
1443541708
222565068
13611455182
53600203471
54914790097
12772094674
257266387
37559612117
28594778839
55854215896
7383904985
34358506203
7522677467
258691805
49002377950
64354661086
4329108192
45632344800
4327297763
58526675684
2134762
18110198512
394056434
3023950578
18428658
2281288438
59576808189
143692545
45709595396
55090557705
4407538441
1118988
22000409
2989159194
33235841820
38248788765
9130357535
5689930530
2280641318
49523110701
46348055342
8438035246
1367528239
52696699698
315020082
64185865012
46735700789
33535521590
44835427126
57268138805
62473655098
59214721852
55643845439
10916066111
51299095362
52169257797
58167710538
212513613
39490155347
4845491029
212742998
7593472855
18819035993
20460379
247944034
62368617317
59102327655
301724521
45320213354
33536873324
2364270
5566370680
225309560
64451613560
7855657851
62082298747
1244017534
49414271871
413619073
48858633096
55967814539
36732269453
42611598
51533427600
45365441424
11957137
1581306771
48662188948
1561596824
30786876314
53422158749
53741540253
363090846
59410912158
1371968417
369865636
11150332840
58497053609
49747448744
190780331
9487487915
458650536
56086918063
46199729
56243508145
191443889
275428276
55477015475
1777628093
426619840
240759746
53878526916
57362461637
47941473222
261174215
30135241
2312614860
10813912013
45332181964
8885199
9134248912
52182053847
7123588055
1277752291
50596672485
45548123110
6911652839
13018338283
51414438893
56295404526
54929175533
33759204336
53059253233
3291124722
62432637936
2285941745
1735701493
40885400569
2214343675
62536193023
26448897
4279612422
56242959369
24240231433
59445720075
55457838089
8099206157
145339402
47931593743
2316489743
3123246097
51733181455
196785171
49045287956
65949144081
743150611
14455831
45683749909
49744565274
54426604574
50198934560
436392993
38930912290
49453429795
37015188515
269128740
24302626
50959399
21408789544
397038634
60329530411
3063870506
600101939
449213492
1275532340
529118260
2913014842
33952298044
176010302
66327688256
640218180
51210351685
2969121862
6907753540
370988103
60980237385
66651010122
50802103366
548459597
61868069965
48613626959
3135427663
13606859855
52230337618
62358778963
13866066
44984587353
243405918
57655514206
60039066719
66255246433
427553890
3669316711
32058897512
10581097
57558135915
45666284653
514634864
38679666
42349682
65453986930
18027635
4255110258
59837363319
64230634618
1992807554
3449689219
48355439749
12001449093
1794258056
2679673995
61384307854
6842348691
57686668437
51720729753
2004882586
52919432347
8565798044
26252444
51737867429
65233097899
4188198062
840619185
58235098290
656094389
356299962
57361921216
51270571202
44576535760
45518894289
55065482451
58344142036
59966922744
41255810269
49010644190
315569374
19649762
37845726441
56705594604
2284442861
49793357046
373552375
1475056887
2207593721
206034174
54511146246
57382352140
50441622797
33197503762
6980531480
2075931928
3532420378
55131673882
52771517730
4038653219
7588893991
8113771816
391722282
195032365
187479342
51203118384
61278328113
65642165554
51572086068
52695070009
51241047354
48637998398
52180620607
451573056
730273089
61736588610
54278231365
51014505797
242111816
32937289
3749803337
3523794251
51761550668
52744541519
34256209
46518113619
4155241820
1574892892
408999265
188331362
10421499238
3898815846
5590046054
56978380137
625833324
292222317
12907886
12773471601
252769650
2463823222
1750742390
878703999
50781951361
41857955201
1494308225
718034309
45285676421
178402696
3233174921
266319242
45367293325
56692733330
283645332
34156500376
51226563992
1550013850
47035803
50082756005
36153111979
336942508
293344683
43947709872
11473081776
18838961
186611121
50599348
47914022326
52279793079
52257559995
1772099012
30814074310
58710898123
185546187
40020710861
9258841549
60621075923
62059550163
319493589
20788692
4067890645
4577121759
50289014240
33493276130
11212260
197260775
1437529575
65162458603
8020653552
48723883506
62642484726
62417163770
48144209403
34383173114
30407013885
50005693949
228308481
18180339205
63183599110
2334815749
178394632
47246423559
48878769671
4445386253
65560131087
205936151
47068386839
49418409500
1552324124
1958090273
1610659362
51430807077
46781993
34639582762
45971387946
2662635060
5371452
8379192893
34928188
1470707264
35329604
68274771524
57679599175
58536293962
13932123
426538590
64691132003
22173382246
6330119793
2046613108
28982908538
1382880893
198850174
55154841213
57223452288
27945277053
5662791295
5191301
200210054
216757910
49550407322
48390747804
59342313119
52422866593
65576236705
8140453
52747179688
7542273707
1544500910
180721336
401127096
58445035193
12400315
1289131712
11560875721
42267899593
69138249426
57372481234
6133461
46757590
61338359511
7140177628
48386324188
2968450780
3217331935
308049633
47186425569
8427468520
617158377
217388780
252049132
10245870
54294902511
338007793
65103427319
62487762679
49216624380
513480445
47087326974
7282013954
5510916
1476474629
48808949515
59856312078
60678059790
37309363984
7034643
269719316
2135815961
57264035609
48676083487
51190658849
48785880869
54062618406
403371815
6871709480
58606901030
58215880490
50738779947
1061844784
60774479668
56800573238
287455031
1530623800
54383474489
3599923000
40163134
51530512193
6514595655
388568904
189929289
43704407880
20879180
53804480334
200079182
48558905166
61023762256
52762453
69225273174
198154074
206444379
42738145116
3998807900
1317615455
50439485279
36877703009
3509647211
53580461937
11225315186
48192706419
26430510964
53921757043
45610661755
55789860731
1565316989
474871675
48286193547
27154316
48850425751
315537308
52702205855
25050773410
15859693475
18882795428
57377560486
18148431782
16914343
7141291
2122667948
359315371
312653740
625162159
54032521146
55119828923
47672833984
3132929984
55024531397
54687225798
2221856710
53223700424
31065176009
48403429320
56607291344
57035864016
45610096595
500537301
1923946454
12124198874
1608554467
50284255210
58583709675
1833170923
45040310254
50598598641
7446190066
49753905141
59071428598
55155529723
1413969921
2136487945
9721868
178976781
5451765773
19052559
54639294481
58826119187
229406742
41367320601
4034893850
25129007135
432797732
2587195429
4263819300
65105721383
10892580906
55553284139
793303083
7417280557
3893418029
23134386218
15910074417
1961670706
7116691508
8310872117
6310484020
47994936
22933002299
2521217083
48303134781
55148722240
4151334978
55874132037
48453007433
1935554634
49812895818
332191820
46716213325
58889574478
34121365583
3295057996
57762363473
334665811
5759047764
55528126555
59124758622
48826718308
417552486
1807194222
57081927790
52991514734
62692612207
25061570677
54921517173
51324246136
45679786105
2019399800
46923757689
5383420024
567171197
213063806
363305086
4136384640
48354588798
1413740681
671725713
45245986961
274290835
59502729365
46006237336
1392482461
45383792802
7955601573
1699305640
53205006508
424425647
42917673135
41195698
2304096438
232192182
6247905465
1477826754
53047277763
62484830405
213989574
1632540872
1651890377
144619720
2128828620
1495062736
20633808
54580836562
38480582870
49148459226
260462810
4310603999
3278518498
47498213605
3025942762
493525227
49576351980
3093879021
46512208111
993900794
52320622842
182458620
45011966205
46659836
2242640123
22526202
67337738493
6074530051
301947143
1224349967
854554898
34535705
66320087324
69396363549
54531717411
2054748451
1541667112
2064824620
61080394031
40889907507
6326991159
18898704700
1063303486
59433523519
400505150
4039227711
2046490947
45440923975
53641148744
13457168714
52393457999
1366939984
9771344
29686806868
63515515221
12095445334
52332697944
64173586777
50717915480
4036663643
6664403289
48518420832
53184444773
65917614439
4068170094
46782831
22009248112
8218401141
201087352
57497123197
353483136
52633213315
45275524
38738540933
1315568015
53132712335
54545349009
49256708499
30873631124
21783230869
3530987924
229783961
185923994
50020874657
6345292199
1530321333
63180921269
2083912120
51699636666
56552733116
53460646334
61220387263
54503791044
354130373
1301051846
51160316356
49884273098
2522700234
14795864526
4784798160
48341473749
24739428830
239581664
1411840481
3608254946
396401124
11802311141
500333034
3580942831
32406002
18417154549
270137847
1648966136
143604218
58663598588
307108349
57845021182
255687167
61922974209
1346468356
56261556741
59703163396
44673726983
22236871179
1063401996
8225487371
241678863
33757716
1418009109
57197074965
61231856155
55301184029
2152798749
1365875232
1015036453
1102961189
54140197418
65716435502
62439103026
56341584435
31824968247
203053629
310524477
4072118845
11181611584
244546113
46985189954
57922329155
21843786307
35362568773
2271640133
56220006983
5801540168
45197785672
54982113858
4850629195
5503072844
30630017611
4788419158
189209176
43049359963
468310621
49566005856
58478025318
1480350312
66463726187
36744567405
13482607
57643063922
41400121971
904624755
258677369
60917078651
49178679936
51846969986
4890843779
41827973776
8961374865
54289062547
50676546195
911440539
3755670173
52974631582
5012137
1196546730
56765774509
45523303085
56598190766
65289673390
5429721776
48679049903
5817490094
497040052
35815774901
45698087606
64321034944
248150720
23295367872
145947331
6835681991
1145912008
28942760656
50495470288
717888216
196254426
1924889309
62128921313
254417634
58591312620
10983389937
1417837297
2211535602
64368556788
1119132404
3305634549
2128567027
58880539391
58590255872
3165346563
6257228549
58427284234
5700918028
57932938000
64425646870
276486937
60101958426
233192220
58341841697
65136065313
49342815012
4266670884
45470808870
176700203
29883180
55514266414
48729316143
48261217070
43840445236
5732530998
49056496439
3305413432
53261572920
56106629946
26630970
64051198782
354106176
262110019
21638339397
193428295
10574664
14695243
55545101132
48027294542
9127844687
1690057551
27482961
66118064977
56054061908
59897920341
2004409178
50170018654
1670994784
48174996320
45217209185
51735468899
62900575073
56815213416
5750209388
266189676
9641327469
62222105456
4536892272
46982142836
1400454005
528702326
303405940
57005103992
322714489
62182382463
18969197441
61823638405
58566540166
53500476295
65709579143
521223050
42863205266
2271083411
44851182484
474692502
48147012507
63847570332
219937691
56706907035
343112610
62652365731
5328837540
1481857955
355646377
15227827
47946628020
38491478965
44956040118
2358696887
64250461112
45145019
19012555
47298345933
482204622
23080319950
9437780945
2005318611
1391385558
175250391
65741323225
57516940254
311737311
63198968801
59164629987
1465498596
220167144
44083272681
567057388
3032046573
3129981934
62588976113
67051437042
21231221749
1793874939
528817151
49728805899
35216579596
12213262
62194424846
48175537166
60655180818
1100200980
177126427
216431643
15495126045
36570479647
57640557599
52663073830
40295463
30219306
48601185324
3452025904
14328077361
9965198385
2047573043
62930295860
1345035319
52862762044
1254997058
8141913157
56420236360
49717640269
8813650
67457735762
50352036949
4037737558
52730403927
56128846935
48516807769
810843226
40533081179
38283336796
6446173
60721175648
41802850
57642957922
1583012968
62140341356
11762801
48676420722
489110643
66341633139
25622117490
503299191
1453767801
58727906430
6595476606
14514158722
50594782339
4060699782
54041410695
171146
22576267
57534528657
65769946261
56014445718
45177388183
9362537625
1165048987
62309842078
3535690912
14107917473
3272932514
3183205537
56677325985
3159588005
22797478
57791388837
56499608746
49646394541
192568497
1619221683
28339731640
1772969144
62661196986
44115786941
579706047
44431613119
28654787
62905752772
260283588
9158188231
34842778825
52730715338
185326795
577502416
388119761
57195101403
59202796764
356580574
19102947
48207813863
53233605864
225516778
5367004395
26746092
46262508779
67650616562
1462082802
4018838772
56197446901
63273884918
58733337847
59929328888
205593849
10231035
57686916354
48381664514
51567541509
11631878
65314200839
64854326536
58579410187
2125298961
47215402267
6860561692
1602280733
55097572638
51450338592
48730643755
8043658540
273849643
9277725998
1392581936
59939749170
61640498483
53904055604
216374581
61330603314
1536843064
48308583737
63866895673
2685402427
14971149628
3696672061
1192033592
4644691263
1228979520
1681104197
65847098697
262888778
1560747337
53755214
320077139
50578783571
8903318869
46155726170
2170205
58208255327
40164706
56650759525
1433107817
182181226
54909541742
67165117807
59138571633
261733753
26541438
174554494
45843578242
6380930
7573699976
8130043277
57089334677
65217568153
49626521
68359445915
33619533211
26721694
54488833441
1224711590
62689295782
61350321580
20979117
3625926062
41974922668
330759604
1390435770
56468184508
65895046590
484826559
60302556608
554204610
45143989699
2267479492
195689929
57600318921
1952996815
57011666385
57851076052
63642770901
917863894
259980760
59815108057
19300703707
560012764
187358686
61321559519
1573027296
200179172
21527666152
2134982122
247479787
64239287790
3148217841
1436859892
45042269687
273497594
45801405947
5375999485
2579611139
56286567942
45521755655
566328842
46640152076
64482518063
358104591
55053098513
52264466
9936405
1990483489
292273698
50734603811
61113048612
4220395045
59828338211
9921166887
65966612007
538951209
47180348970
4282392106
179830325
3607494198
45958159926
1150623288
59173428793
56728600123
268049982
18854755903
58347601472
21388754496
186162752
50740804
61783178821
59294170695
7491051082
57259834955
294420043
754515535
2903752272
27713106
52895202899
48873995858
800570965
2326306390
16727638
641195611
31358558
1600462436
63959776871
39485079147
1929526893
41524878961
4949859954
29097588
14810668666
187883134
65958993536
56413724289
67147513472
58805878403
17383043
50379054722
50047950472
14499471
48782098064
54995705488
6784007824
48801488535
54574464664
61271924376
64216628887
60103474840
56323915419
60332801695
58532126367
7887560351
2023685796
3227131561
36880042
244686507
62936325803
53421473453
178233007
439451312
45458153140
49929297590
1012915895
48605372088
57970024121
51765305018
9288400581
30310375114
53051834059
4137721548
5922668238
51154484943
46577565393
56750096081
45778329299
403267285
46168506071
1473863388
58599784156
46277730013
60612542175
57653223135
1347370722
12213990
60032409320
56473485034
2253070064
13565682
21855988
54257753847
4575928060
53599174397
2017844990
51802529535
47449186048
11771653
4151369481
59194318602
55448207115
60652396297
63693512461
1499520781
2673598225
65815854867
3002687252
66388328216
58356940568
6951436059
1500192544
246480672
297942820
12113911918
45290856239
1181867826
44972654389
4487323450
191618881
61354467139
329867076
58723942218
715022156
45050773325
186351438
58049879888
47896813394
1389633362
2059468628
3045662555
28252880733
62166843230
62593572707
2875238
3548659559
59580612456
191995752
3098156906
55800905578
6037725031
27425300345
66723364732
303054725
196657037
10848583567
304578448
9559952
24331534223
1115185044
549322645
1964818325
57470009238
2324807579
7274413979
270098333
51184852896
49147461537
32849826
6700966
3067887527
62540316584
1146519466
5995839404
32006258605
47485329326
3236921265
17148936115
44437290932
38748086
68189683638
63582412734
3464896447
922574784
4371300287
60190924740
62912085957
51195027399
246996940
51785408462
51451977686
65727422424
40155078616
3253141467
9428956
5556395996
1583316957
36740399074
41876389861
3995639781
144539623
40509416
449978347
8168177644
51702489067
7602921454
63900622831
2311643123
5688934390
54873784312
9347065
49612210573
59439600662
7214914470
1635617207
32827527098
