Last update: 2026-05-03_05-05-42
64381388800
184039424
67023720450
1838114821
1416169484
1706414094
4349618191
35161452559
1723185173
2242889759
4173545505
6074525734
577738802
2113949754
13137981
8534802495
1366675521
78636439618
5383817295
8894830674
8586782808
11464112216
42106632286
48125874273
61440817252
62201501799
25714059370
3261220975
1730580595
4224211060
2283884672
7609462932
861565079
35942666394
1833275549
5586405535
5597814945
12302917794
323526817
1283709101
24841318574
1907499182
1614246064
1592635573
4280000701
4259479742
8210258110
5718188223
4210933953
4799621314
13122222277
1198526667
5340111061
5910972631
39676741848
3468265694
8254771427
47538774250
144095467
42838254
31936262389
8080902399
42306621701
3048100103
3128842512
40151879963
44115120411
12779190572
65696407861
855636279
48654985528
60898552136
44039616853
281141596
58302007651
3244112227
45961918822
3513444715
54637218159
47692150
308439417
2065105275
53365254524
44423793022
52728988031
860543
15272405379
3239362947
2138450307
944261511
40277148046
8426803602
4061856151
53259723160
44460906905
3015487898
50339135899
1488019866
5654815127
1462346146
56793438627
42999419301
16865706
1932210605
1115410864
74033217970
48141830583
190458301
1531466173
57651681732
36797592005
266404295
7674714568
32177605068
18823911885
47878959569
13589432785
29780285911
14645720
1456138711
1623134690
7072920036
69377522154
1574074861
1688134126
8581765615
18134055405
5533532658
11062278648
1317868025
2711048719
44757924367
14685415954
3986207254
1300478489
13074864668
3117175325
48355703326
3059601954
2858314277
48945702
62774727207
8512954921
14966571577
20779532866
31553438275
3530609224
36558279241
7477967441
236902995
47529163348
6083441238
1493953111
9367968344
56100930139
5704137311
48742963822
44254343796
2325600884
1565403765
72918381175
48921516665
80609075835
1159301759
5950579331
9511551626
2042475152
5323387537
80544096917
5447961237
52694614680
1611166366
45626794654
6915469984
374987426
2161199780
3185265319
10817276586
5745011371
64471509682
10157298357
12423697080
2936148667
1510443708
1720103615
543099587
17594411716
3268168391
302897867
40519072459
7162041037
1135368924
3922326239
18017157859
11162512105
8779166450
179929844
1405190911
34589965060
3927884549
18016170760
2026726154
3431840522
2674516750
3278875407
2112758549
214762262
17698507546
2988006171
61828932383
2026648354
5630149410
1419176740
420711209
15006239532
1555016494
1766124335
11189494576
3573015345
70137152303
1491759931
13071289155
43386194765
13143575375
44010085208
385719130
5714404187
25593611100
41295125340
45133773660
58647018339
16143207
4658723687
2202325865
223658869
4172886904
6338745208
52783076221
34735612798
31497188226
3065451395
6313999238
801600393
276792203
4524489614
26430034832
24771380116
46606631829
313734037
49990726552
48111385497
40256415
21707680
17919210400
564321186
2926597025
5565301668
48644404134
5668705193
4937530281
76518947755
1451025321
34736653227
64487318447
35615290293
16242514877
71384165311
20931025858
53084242888
48807951305
13520853969
4840412115
46129357781
9195135958
1457755097
3239207897
3295163355
62177618910
31963208672
2911767521
2655222756
1401932775
1809005544
16158962667
1686014966
8768875514
64173091837
8262831105
31941977089
1520151556
57379476488
2182628364
190286863
1741360144
23452726295
1997851
27960300577
1107592233
32981292074
1403407403
2931381292
44893123629
49234316333
2333588525
8498191408
1570434096
6011622463
60882865221
33986991174
2002103369
50927567946
358923342
4760777813
5838296150
8684514393
71012400222
11655554143
1553155178
50221249645
1477420145
2164092019
61959158908
2068741250
59432924293
56953846920
8376794248
33138531467
1274958991
40737805465
3406128282
10938721441
47361342626
398118052
470097061
50347838642
33654129845
47801937080
2881897660
75941332157
63074288839
5765330124
68129002702
10480704721
62507236565
54854866141
622767327
74438538465
45169994981
6108656874
3087609067
46976756973
263757046
1540580602
26740993274
45657443583
1568738569
51410441483
292140303
64897912084
1717490967
57360432407
66264042778
1065819425
5619510562
51932777767
15422209326
187479342
58527554865
223063348
6971450679
14496924990
270091584
12509668675
199724358
1295344966
1463090510
56946177367
50073070935
5410936153
9656767831
68178015587
8176205159
68929176940
8060790126
6248084848
431578483
50785645941
12158008696
51445972346
315979131
2518353276
39608622458
5509451134
12050656635
3780347262
13375413638
8239496586
10207090060
3616728465
6098681236
39042557338
40770078107
62673343901
1644184990
57501388191
13682783654
2096610727
1524002216
4103128486
5821498799
3538990514
1631733175
7513007544
46149682618
3727033788
6262941116
8118402497
63850673602
21745890757
48537593286
857839047
3224045000
48622976454
2246710734
26287654351
312503760
3898013138
5776178650
6099119578
25606970844
10423625186
55873959397
14433412586
50587115
633574894
17323685362
1408853494
59373002231
2217881080
33991998971
6180175357
1549157890
17328074247
58323625482
1289041418
56083394062
6327361047
1955896860
3105535520
45268420147
6556925491
57531473470
7739172416
4006766145
16711589443
8203630148
1498869315
1777038918
25703644747
8408559180
41044512339
66323805787
5320126050
4548859496
54302203497
524297846
4197564034
1915704973
6299217551
8884709011
5658930839
12543831703
8157415065
946566813
2069956258
2584811171
60415264420
45283079849
9243852460
16829253293
4063413942
465202871
8087426750
2189948613
1256169159
31935387336
57495727837
1675577056
5569474274
45695178467
44273127140
631049958
60481531623
3890370286
42847768308
64735514356
3646506744
258830073
29950570235
742620925
1522159361
4616079111
9124857616
248160017
25970444049
8229566228
45404237588
51778205468
29644349213
50205159197
3132688159
4182943519
350828321
53548330785
21052876588
5497235251
2224754487
1570211643
240486207
36328570688
1949474625
5600216895
39259180867
1393661759
6977419084
76434835276
1083842385
5670512467
52990302039
10371995490
80172193635
39929048932
2267989864
29658988394
522334064
6709397365
2838364024
3570112379
17927806854
10447710090
65823848331
1828323210
953456525
47729469339
2088753055
23872374689
1304649634
46036594596
5490608037
58914113447
18577229740
5718060974
8189114291
71861000117
51422273462
7716730879
52586608575
6975625155
20670734280
50023491530
16565305294
44715780050
247234519
52540637143
3054006235
6012274654
13080973278
8737621985
37343078377
9053444081
1911570425
4102365183
